Iucyqn {
behaviour : 1;
faction : 0;
damage : 10;
entID : 3;
health : 30.000000;
happy : 0.000000;
anger : 0.000000;
fear : 0.707815;
trust : 0.000000;
}

