STATS {
x_pos : 9;
y_pos : 1;
seed : 28044;
biomes : 16765;
global_x : 244;
global_y : 249;
weather : 0;
color_r : 1.000000;
color_g : 1.000000;
color_b : 1.000000;
health : 100.000000;
thirst : 72.926102;
hunger : 81.948898;
time : 0.000000;
items : [BANDAGE,1,LIGHTER,1,,1,];
}
