STATS {
x_pos : 10;
y_pos : 10;
seed : 9547;
biomes : 24848;
global_x : 250;
global_y : 250;
color_r : 1.000000;
color_g : 1.000000;
color_b : 1.000000;
health : 100.000000;
thirst : 99.850006;
hunger : 99.899994;
time : 6.200000;
items : [BANDAGE,1,];
}
