STATS {
x_pos : 10;
y_pos : 8;
seed : 1520;
biomes : 16273;
global_x : 248;
global_y : 241;
color_r : 0.990476;
color_g : 0.990476;
color_b : 0.990476;
health : 100.000000;
thirst : 80.875778;
hunger : 87.249222;
time : 7.499995;
items : [BANDAGE,1,SCRAP,3,];
}
