STATS {
x_pos : 5;
y_pos : 15;
seed : 21580;
biomes : 12767;
global_x : 250;
global_y : 250;
weather : 0;
color_r : 1.000000;
color_g : 1.000000;
color_b : 1.000000;
health : 100.000000;
thirst : 97.975082;
hunger : 98.649918;
time : 7.350005;
items : [BANDAGE,1,LIGHTER,1,ROCK,1,RESIN,1,];
}
