STATS {
x_pos : 18;
y_pos : 16;
seed : 29360;
biomes : 8623;
global_x : 249;
global_y : 250;
color_r : 1.000000;
color_g : 1.000000;
color_b : 1.000000;
health : 100.000000;
thirst : 67.526321;
hunger : 78.348679;
items : [BANDAGE,1,];
}
