STATS {
x_pos : 8;
y_pos : 23;
seed : 3981;
biomes : 1893;
global_x : 250;
global_y : 248;
weather : 0;
color_r : 1.000000;
color_g : 1.000000;
color_b : 1.000000;
health : 100.000000;
thirst : 95.275192;
hunger : 103.849808;
time : 9.150012;
items : [BANDAGE,1,LIGHTER,1,FLAT_MUSHROOM,2,SNOW,1,];
}
