STATS {
x_pos : 22;
y_pos : 3;
seed : 10225;
biomes : 242;
global_x : 245;
global_y : 253;
color_r : 1.000000;
color_g : 1.000000;
color_b : 1.000000;
health : 90.000000;
thirst : 86.200562;
hunger : 90.799438;
time : 0.400000;
items : [BANDAGE,1,];
}
