STATS {
x_pos : 16;
y_pos : 10;
seed : 13734;
biomes : 30506;
global_x : 250;
global_y : 250;
color_r : 1.000000;
color_g : 1.000000;
color_b : 1.000000;
health : 90.000000;
thirst : 68.576279;
hunger : 79.048721;
items : [BANDAGE,1,];
}
