STATS {
x_pos : 8;
y_pos : 10;
seed : 29933;
biomes : 9654;
global_x : 250;
global_y : 250;
color_r : 1.000000;
color_g : 1.000000;
color_b : 1.000000;
health : 100.000000;
thirst : 97.375107;
hunger : 98.249893;
time : 9.500004;
items : [BANDAGE,1,ROCK,1,STICK,1,];
}
