STATS {
x_pos : 13;
y_pos : 3;
seed : 24316;
biomes : 12937;
global_x : 248;
global_y : 249;
color_r : 1.000000;
color_g : 1.000000;
color_b : 1.000000;
health : 100.000000;
thirst : 81.925735;
hunger : 87.949265;
items : [BANDAGE,1,MEAT,4,GRASS,1,ROCK,1,STICK,2,];
}
