STATS {
x_pos : 10;
y_pos : 9;
seed : 25149;
biomes : 3831;
global_x : 249;
global_y : 251;
color_r : 1.000000;
color_g : 1.000000;
color_b : 1.000000;
health : 60.000000;
thirst : 19.976017;
hunger : 46.648071;
items : [BANDAGE,1,SCRAP,3,STICK,3,CAMPFIRE,1,ROCK,1,];
}
