STATS {
x_pos : 10;
y_pos : 25;
seed : 523;
biomes : 10043;
global_x : 250;
global_y : 250;
color_r : 1.000000;
color_g : 1.000000;
color_b : 1.000000;
health : 100.000000;
thirst : 98.350067;
hunger : 98.899933;
time : 8.199999;
items : [BANDAGE,1,];
}
