STATS {
x_pos : 19;
y_pos : 1;
seed : 23984;
biomes : 12602;
global_x : 248;
global_y : 250;
weather : 0;
color_r : 1.000000;
color_g : 1.000000;
color_b : 1.000000;
health : 90.000000;
thirst : 88.375473;
hunger : 92.249527;
time : 13.750030;
items : [BANDAGE,1,MATCH,2,OLD_CLOTH,1,GUTS,1,SCRAP,3,GLASS_SHARDS,1,MEAT,2,LEATHER,1,FLAT_MUSHROOM,2,];
}
