STATS {
x_pos : 12;
y_pos : 19;
seed : 20587;
biomes : 28189;
global_x : 250;
global_y : 250;
color_r : 1.000000;
color_g : 1.000000;
color_b : 1.000000;
health : 100.000000;
thirst : 99.400024;
hunger : 99.599976;
items : [BANDAGE,1,];
}
