STATS {
x_pos : 9;
y_pos : 15;
seed : 22027;
biomes : 29962;
global_x : 250;
global_y : 250;
color_r : 1.000000;
color_g : 1.000000;
color_b : 1.000000;
health : 100.000000;
thirst : 85.525589;
hunger : 90.349411;
time : 1.300000;
items : [BANDAGE,1,LIGHTER,1,GRASS,3,CRYSTAL,1,RESIN,1,];
}
