STATS {
x_pos : 10;
y_pos : 7;
seed : 13842;
biomes : 19000;
global_x : 250;
global_y : 250;
color_r : 1.000000;
color_g : 1.000000;
color_b : 1.000000;
health : 80.000000;
thirst : 87.400513;
hunger : 91.599487;
items : [BANDAGE,1,];
}
