STATS {
x_pos : 16;
y_pos : 10;
seed : 23722;
biomes : 30118;
global_x : 249;
global_y : 250;
color_r : 1.000000;
color_g : 1.000000;
color_b : 1.000000;
health : 100.000000;
thirst : 98.350067;
hunger : 98.899933;
items : [BANDAGE,1,];
}