STATS {
x_pos : 15;
y_pos : 14;
seed : 26000;
biomes : 12650;
global_x : 250;
global_y : 252;
color_r : 1.000000;
color_g : 1.000000;
color_b : 1.000000;
health : 100.000000;
thirst : 95.650177;
hunger : 97.099823;
time : 11.800013;
items : [BANDAGE,1,];
}
