STATS {
x_pos : 10;
y_pos : 10;
seed : 19856;
biomes : 944;
global_x : 250;
global_y : 250;
color_r : 1.000000;
color_g : 1.000000;
color_b : 1.000000;
health : 100.000000;
thirst : 93.175278;
hunger : 95.449722;
time : 10.550017;
items : [BANDAGE,1,LIGHTER,1,];
}
