STATS {
x_pos : 3;
y_pos : 8;
seed : 16625;
biomes : 4751;
global_x : 251;
global_y : 251;
color_r : 1.000000;
color_g : 1.000000;
color_b : 1.000000;
health : 100.000000;
thirst : 75.251007;
hunger : 83.498993;
items : [BANDAGE,1,ROCK,1,CAMPFIRE,1,];
}
