STATS {
x_pos : 14;
y_pos : 20;
seed : 24128;
biomes : 18058;
global_x : 250;
global_y : 250;
weather : 0;
color_r : 1.000000;
color_g : 1.000000;
color_b : 1.000000;
health : 100.000000;
thirst : 97.300110;
hunger : 98.199890;
time : 7.800007;
items : [BANDAGE,1,LIGHTER,1,];
}
