STATS {
x_pos : 21;
y_pos : 7;
seed : 9537;
biomes : 24388;
global_x : 250;
global_y : 250;
weather : 0;
color_r : 1.000000;
color_g : 1.000000;
color_b : 1.000000;
health : 100.000000;
thirst : 93.850250;
hunger : 95.899750;
time : 10.100016;
items : [BANDAGE,1,STICK,4,];
}
