STATS {
x_pos : 21;
y_pos : 14;
seed : 18016;
biomes : 14705;
global_x : 250;
global_y : 250;
color_r : 1.000000;
color_g : 1.000000;
color_b : 1.000000;
health : 100.000000;
thirst : 74.651031;
hunger : 83.098969;
items : [BANDAGE,2,MEAT,1,CAMPFIRE,1,CAMPFIRE,1,ROCK,1,STICK,1,CAMPFIRE,1,];
}
