STATS {
x_pos : 18;
y_pos : 12;
seed : 16929;
biomes : 27026;
global_x : 248;
global_y : 249;
color_r : 1.000000;
color_g : 1.000000;
color_b : 1.000000;
health : 100.000000;
thirst : 52.578381;
hunger : 28.598347;
time : 4.799997;
items : [BANDAGE,1,CANTEEN,1,SCRAP,1,ROCK,1,];
}
