STATS {
x_pos : 10;
y_pos : 10;
seed : 13579;
biomes : 29164;
global_x : 250;
global_y : 250;
color_r : 1.000000;
color_g : 1.000000;
color_b : 1.000000;
health : 100.000000;
thirst : 98.875046;
hunger : 99.249954;
time : 7.499999;
items : [BANDAGE,1,];
}
