STATS {
x_pos : 14;
y_pos : 26;
seed : 30675;
biomes : 27357;
global_x : 254;
global_y : 253;
weather : 0;
color_r : 1.000000;
color_g : 1.000000;
color_b : 1.000000;
health : 100.000000;
thirst : 92.125320;
hunger : 94.749680;
time : 11.250020;
items : [BANDAGE,1,MATCH,2,MACHETE,1,];
}
