STATS {
x_pos : 17;
y_pos : 22;
seed : 3569;
biomes : 19709;
global_x : 250;
global_y : 250;
weather : 0;
color_r : 1.000000;
color_g : 1.000000;
color_b : 1.000000;
health : 100.000000;
thirst : 98.650055;
hunger : 99.099945;
time : 6.900003;
items : [BANDAGE,1,];
}
