STATS {
x_pos : 13;
y_pos : 16;
seed : 11677;
biomes : 11150;
global_x : 250;
global_y : 250;
color_r : 1.000000;
color_g : 1.000000;
color_b : 1.000000;
health : 100.000000;
thirst : 97.300110;
hunger : 98.199890;
items : [BANDAGE,1,];
}
