STATS {
x_pos : 5;
y_pos : 12;
seed : 6584;
biomes : 29968;
global_x : 250;
global_y : 251;
color_r : 1.000000;
color_g : 1.000000;
color_b : 1.000000;
health : 100.000000;
thirst : 90.550385;
hunger : 93.699615;
items : [BANDAGE,1,];
}
