STATS {
x_pos : 8;
y_pos : 16;
seed : 5573;
biomes : 17252;
global_x : 241;
global_y : 245;
color_r : 1.000000;
color_g : 1.000000;
color_b : 1.000000;
health : 80.000000;
thirst : 71.801147;
hunger : 81.198853;
items : [BANDAGE,1,];
}
