STATS {
x_pos : 22;
y_pos : 5;
seed : 18251;
biomes : 8231;
global_x : 247;
global_y : 252;
color_r : 1.000000;
color_g : 1.000000;
color_b : 1.000000;
health : 100.000000;
thirst : 95.575180;
hunger : 97.049820;
time : 11.900013;
items : [BANDAGE,1,];
}
