STATS {
x_pos : 20;
y_pos : 13;
seed : 14309;
biomes : 11829;
global_x : 250;
global_y : 250;
color_r : 1.000000;
color_g : 1.000000;
color_b : 1.000000;
health : 100.000000;
thirst : 89.800415;
hunger : 93.199585;
items : [BANDAGE,1,];
}
