STATS {
x_pos : 2;
y_pos : 20;
seed : 22783;
biomes : 15017;
global_x : 250;
global_y : 249;
color_r : 1.000000;
color_g : 1.000000;
color_b : 1.000000;
health : 100.000000;
thirst : 96.925125;
hunger : 98.949875;
time : 10.100006;
items : [BANDAGE,1,LIGHTER,1,];
}
