STATS {
x_pos : 5;
y_pos : 3;
seed : 23281;
biomes : 31587;
global_x : 250;
global_y : 250;
color_r : 1.000000;
color_g : 1.000000;
color_b : 1.000000;
health : 100.000000;
thirst : 96.175156;
hunger : 97.449844;
items : [BANDAGE,1,STICK,1,SCRAP,3,];
}
