Ytgrwa {
behaviour : 1;
faction : 0;
damage : 10;
entID : 3;
health : 35.000000;
happy : 0.620099;
anger : 0.000000;
fear : 0.000000;
trust : 0.124020;
}

