Ribblk {
behaviour : 4;
faction : 0;
damage : 10;
entID : 3;
health : 25.000000;
happy : 0.000000;
anger : 1.373092;
fear : 0.000000;
trust : 0.000000;
}

